./Data/JPEGImages/20000010015_I001.jpg 1124,435,2674,1638,0
./Data/JPEGImages/20000010015_I002.jpg 302,462,1893,1721,0
./Data/JPEGImages/20000010015_I003.jpg 300,467,1886,1721,0
./Data/JPEGImages/20000010017_I001.jpg 1070,476,2702,1549,1
./Data/JPEGImages/20000010017_I002.jpg 1004,467,2614,1502,1
./Data/JPEGImages/20000010019_I001.jpg 388,500,2028,1646,2
./Data/JPEGImages/20000010019_I002.jpg 337,483,2016,1665,2
./Data/JPEGImages/20000010020_I001.jpg 1018,395,2632,1646,3
./Data/JPEGImages/20000010020_I002.jpg 1014,386,2641,1628,3
./Data/JPEGImages/20000010022_I001.jpg 1062,349,2707,1628,4
./Data/JPEGImages/20000010022_I002.jpg 1095,351,2741,1635,4
./Data/JPEGImages/20010010184_I001.jpg 1200,588,2688,1521,5
./Data/JPEGImages/20010010184_I002.jpg 1230,574,2628,1393,5
./Data/JPEGImages/20010010187_I001.jpg 1134,779,2739,1239,6
./Data/JPEGImages/20010010187_I002.jpg 1204,715,2704,1300,6
./Data/JPEGImages/20010010198_I001.jpg 937,562,2739,1567,7
./Data/JPEGImages/20010010198_I002.jpg 930,549,2692,1623,7
./Data/JPEGImages/20010010199_I001.jpg 1153,518,2697,1469,8
./Data/JPEGImages/20010010199_I002.jpg 1162,528,2695,1437,8
./Data/JPEGImages/20010010201_I001.jpg 937,525,2714,1581,9
./Data/JPEGImages/20010010201_I002.jpg 895,455,2611,1528,9
./Data/JPEGImages/20010010202_I001.jpg 953,507,2611,1525,10
./Data/JPEGImages/20010010202_I002.jpg 995,454,2653,1537,10
./Data/JPEGImages/20020040291_I001.jpg 453,304,2125,1683,11
./Data/JPEGImages/20020040291_I002.jpg 400,307,2072,1702,11
./Data/JPEGImages/20020040294_I001.jpg 360,490,1921,1618,12
./Data/JPEGImages/20020040294_I002.jpg 337,455,1881,1576,12
./Data/JPEGImages/20020080276_I001.jpg 479,860,2646,1200,13
./Data/JPEGImages/20020080276_I002.jpg 453,859,2664,1246,13
./Data/JPEGImages/20020080277_I001.jpg 271,790,2738,1208,14
./Data/JPEGImages/20020080277_I002.jpg 298,793,2781,1235,14
./Data/JPEGImages/20020080278_I001.jpg 421,837,1662,1232,15
./Data/JPEGImages/20020080278_I002.jpg 397,809,1625,1190,15
./Data/JPEGImages/20030010817_I001.jpg 960,449,2718,1628,16
./Data/JPEGImages/20030010817_I002.jpg 914,428,2653,1632,16
./Data/JPEGImages/200300108270001_I001.jpg 530,504,2486,1446,18
./Data/JPEGImages/200300108270001_I002.jpg 465,531,2417,1471,18
./Data/JPEGImages/200300108270001_I003.jpg 491,967,2383,1539,18
./Data/JPEGImages/200300108270001_I004.jpg 494,1029,2430,1539,18
./Data/JPEGImages/200300108270002_I001.jpg 774,511,2095,560,19
./Data/JPEGImages/200300108270002_I002.jpg 836,562,2139,614,19
./Data/JPEGImages/20030010827_I001.jpg 377,368,2544,1397,21
./Data/JPEGImages/20030010827_I002.jpg 135,692,2675,1362,21
./Data/JPEGImages/20030010827_I003.jpg 202,2111,2266,3194,21
./Data/JPEGImages/20030010827_I004.jpg 380,880,3073,2029,21
./Data/JPEGImages/20030200029_A001.jpg 229,512,742,665,22
./Data/JPEGImages/20030200029_A002.jpg 208,330,848,724,22
./Data/JPEGImages/20030200029_A003.jpg 185,311,861,723,22
./Data/JPEGImages/20030200036_A001.jpg 211,276,918,657,24
./Data/JPEGImages/20030200036_A002.jpg 141,528,912,680,24
./Data/JPEGImages/20030200036_A003.jpg 239,258,938,642,24
./Data/JPEGImages/20030200039_A001.jpg 190,240,794,745,25
./Data/JPEGImages/20030200039_A002.jpg 144,241,759,743,25
./Data/JPEGImages/20030200039_A003.jpg 201,246,810,722,25
./Data/JPEGImages/20030200039_A004.jpg 220,214,827,711,25
./Data/JPEGImages/20030200039_A005.jpg 426,171,819,732,25
./Data/JPEGImages/20030200039_A006.jpg 496,93,872,638,25
./Data/JPEGImages/20030200071_A001.jpg 215,255,844,712,26
./Data/JPEGImages/20030200071_A002.jpg 284,213,868,679,26
./Data/JPEGImages/20030200071_A003.jpg 164,522,981,684,26
./Data/JPEGImages/20030200072_A001.jpg 305,178,964,753,27
./Data/JPEGImages/20030200072_A002.jpg 321,181,1008,719,27
./Data/JPEGImages/20030200072_A003.jpg 306,402,963,772,27
./Data/JPEGImages/20030200073_A001.jpg 367,156,986,717,28
./Data/JPEGImages/20030200073_A002.jpg 351,138,977,694,28
./Data/JPEGImages/20030200073_A003.jpg 299,401,1033,738,28
./Data/JPEGImages/20030200074_A001.jpg 263,402,989,752,29
./Data/JPEGImages/20030200074_A002.jpg 315,170,1022,741,29
./Data/JPEGImages/20030200074_A003.jpg 320,136,1008,710,29
./Data/JPEGImages/20030200075_A001.jpg 363,156,965,734,30
./Data/JPEGImages/20030200075_A002.jpg 331,163,977,716,30
./Data/JPEGImages/20030200075_A003.jpg 288,414,994,760,30
./Data/JPEGImages/20040281169_I001.jpg 386,1051,1573,2639,31
./Data/JPEGImages/20040281169_I002.jpg 491,1054,1661,2617,31
./Data/JPEGImages/20040281169_I003.jpg 822,1065,1106,2668,31
./Data/JPEGImages/20040281169_I004.jpg 936,1035,1183,2664,31
./Data/JPEGImages/20040281169_I005.jpg 1577,732,2796,1873,31
./Data/JPEGImages/20040281169_I006.jpg 1029,720,2848,1810,31
./Data/JPEGImages/20040281184_I001.jpg 345,979,1552,2626,32
./Data/JPEGImages/20040281184_I002.jpg 368,978,1561,2616,32
./Data/JPEGImages/20040281184_I003.jpg 854,951,1071,2646,32
./Data/JPEGImages/20040281184_I004.jpg 891,945,1129,2665,32
./Data/JPEGImages/20040281184_I005.jpg 1187,790,2881,1967,32
./Data/JPEGImages/20040281184_I006.jpg 662,704,2364,1939,32
./Data/JPEGImages/20060090022_I001.jpg 191,642,1741,1345,33
./Data/JPEGImages/20060090022_I002.jpg 168,664,1708,1317,33
./Data/JPEGImages/20060090022_I003.jpg 1071,1077,2596,1450,33
./Data/JPEGImages/20060090027_I001.jpg 186,597,1796,1587,34
./Data/JPEGImages/20060090027_I002.jpg 193,650,1806,1585,34
./Data/JPEGImages/20060090027_I003.jpg 296,757,1826,1230,34
./Data/JPEGImages/20120230018_A001.jpg 714,107,1354,948,35
./Data/JPEGImages/20120230018_A002.jpg 223,581,1862,1039,35
./Data/JPEGImages/20120230018_A003.jpg 138,689,2060,1043,35
./Data/JPEGImages/20120230018_A004.jpg 728,49,1370,933,35
./Data/JPEGImages/20120230018_I001.jpg 563,252,2364,2698,35
./Data/JPEGImages/20120230018_I002.jpg 519,280,2310,2753,35
./Data/JPEGImages/20120230018_I003.jpg 742,993,3747,1782,35
./Data/JPEGImages/20120230018_I004.jpg 1180,1409,4080,1960,35
./Data/JPEGImages/20120230018_I005.jpg 418,909,3987,1896,35
./Data/JPEGImages/20120230018_I006.jpg 246,1460,3128,1994,35
./Data/JPEGImages/20120230018_I007.jpg 819,853,2616,2031,35
./Data/JPEGImages/20120230018_I008.jpg 1531,824,3357,2149,35
./Data/JPEGImages/20120230018_I009.jpg 1545,596,3599,1894,35
./Data/JPEGImages/20120230018_I010.jpg 276,225,885,587,35
